    AERO-LUT Lambda min,max  0.3950000  0.4575000
    Tau-Lambda,Tau550 asol   0.0000000  0.0000000 23.2999992
          aerosol model                                                                         UNDEFINED
  23.30000   25.60000  13 177.69997 131.09999
 0.10419  0.10386  0.10310  0.10197  0.10048  0.09867  0.09658  0.09424  0.09169  0.08900  0.08622  0.08113  0.00000
  23.30000    2.84090   3 159.54091 153.85910
 0.09069  0.08777  0.00000
  23.30000    6.52107   5 163.22107 150.17891
 0.09278  0.09128  0.08928  0.08609  0.00000
  23.30000   10.22295   7 166.92296 146.47704
 0.09502  0.09374  0.09197  0.08993  0.08767  0.08458  0.00000
  23.30000   13.92975   8 170.62976 142.77023
 0.09742  0.09638  0.09486  0.09304  0.09096  0.08866  0.08328  0.00000
  23.30000   17.63841  10 174.33842 139.06157
 0.09997  0.09919  0.09795  0.09638  0.09451  0.09238  0.09003  0.08750  0.08222  0.00000
  23.30000   21.34798  12 178.04796 135.35202
 0.10269  0.10220  0.10126  0.09997  0.09835  0.09642  0.09422  0.09181  0.08922  0.08651  0.08142  0.00000
  23.30000   25.05805  13 178.24197 131.64195
 0.10560  0.10539  0.10479  0.10379  0.10243  0.10073  0.09873  0.09645  0.09396  0.09129  0.08850  0.08565  0.08095
  23.30000   28.76843  13 174.53154 127.93157
 0.10872  0.10807  0.10708  0.10570  0.10398  0.10193  0.09961  0.09706  0.09432  0.09146  0.08852  0.08557  0.08083
  23.30000   32.47901  13 170.82098 124.22097
 0.11209  0.11098  0.10959  0.10783  0.10574  0.10336  0.10073  0.09791  0.09496  0.09192  0.08887  0.08586  0.08115
  23.30000   36.18973  13 167.11026 120.51027
 0.11578  0.11418  0.11238  0.11023  0.10777  0.10506  0.10214  0.09908  0.09593  0.09276  0.08962  0.08659  0.08197
  23.30000   39.90054  13 163.39946 116.79944
 0.11983  0.11774  0.11551  0.11297  0.11015  0.10712  0.10393  0.10064  0.09732  0.09405  0.09087  0.08785  0.08340
  23.30000   43.61144  13 159.68855 113.08855
 0.12436  0.12174  0.11909  0.11614  0.11297  0.10963  0.10618  0.10269  0.09924  0.09589  0.09271  0.08975  0.08554
  23.30000   47.32240  13 155.97762 109.37760
 0.12947  0.12630  0.12321  0.11987  0.11635  0.11271  0.10902  0.10537  0.10181  0.09843  0.09529  0.09244  0.08856
  23.30000   51.03339  13 152.26662 105.66660
 0.13531  0.13159  0.12805  0.12431  0.12044  0.11652  0.11262  0.10882  0.10520  0.10183  0.09878  0.09610  0.09264
  23.30000   54.74442  13 148.55557 101.95557
 0.14212  0.13780  0.13380  0.12966  0.12545  0.12126  0.11718  0.11328  0.10964  0.10634  0.10343  0.10097  0.09805
  23.30000   58.45547  13 144.84453  98.24451
 0.15016  0.14522  0.14075  0.13620  0.13166  0.12723  0.12300  0.11903  0.11542  0.11224  0.10954  0.10739  0.10513
  23.30000   62.16655  13 141.13345  94.53344
 0.15983  0.15424  0.14927  0.14431  0.13946  0.13481  0.13045  0.12647  0.12295  0.11996  0.11756  0.11579  0.11434
  23.30000   65.87766  13 137.42235  90.82234
 0.17169  0.16539  0.15991  0.15453  0.14937  0.14453  0.14010  0.13616  0.13281  0.13009  0.12807  0.12679  0.12636
  23.30000   69.58876  13 133.71124  87.11124
 0.18650  0.17944  0.17341  0.16761  0.16215  0.15715  0.15270  0.14888  0.14578  0.14346  0.14195  0.14130  0.14211
  23.30000   73.29988  13 130.00012  83.40011
 0.20536  0.19745  0.19084  0.18460  0.17887  0.17375  0.16935  0.16576  0.16304  0.16124  0.16041  0.16056  0.16295
  23.30000   77.01101  13 126.28899  79.68898
 0.22970  0.22084  0.21359  0.20691  0.20093  0.19577  0.19153  0.18829  0.18613  0.18507  0.18514  0.18635  0.19074
  23.30000   80.72215  13 122.57785  75.97784
 0.26073  0.25083  0.24292  0.23582  0.22966  0.22458  0.22067  0.21801  0.21665  0.21662  0.21791  0.22051  0.22751
  23.30000   84.43329  13 118.86671  72.26671
 0.29562  0.28473  0.27627  0.26891  0.26281  0.25807  0.25480  0.25306  0.25287  0.25426  0.25718  0.26159  0.27187
  23.30000   88.14443  13 115.15559  68.55556
 0.31121  0.30013  0.29180  0.28485  0.27943  0.27563  0.27352  0.27316  0.27455  0.27766  0.28243  0.28876  0.30230
