    AERO-LUT Lambda min,max  0.5300000  0.8100000
    Tau-Lambda,Tau550 asol   0.4202061  0.5000000 40.0000000
          aerosol model                                                                         UNDEFINED
  40.00000   45.00000  22 175.00000  94.99999
 0.06351  0.06179  0.06026  0.05880  0.05744  0.05607  0.05461  0.05294  0.05106  0.04932  0.04779  0.04645  0.04531  0.04438  0.04366  0.04320  0.04301  0.04313  0.04367  0.04463  0.04613  0.04613
  40.00000    2.84090   3 142.84091 137.15907
 0.03728  0.03598  0.03555
  40.00000    6.52107   5 146.52106 133.47891
 0.03879  0.03737  0.03607  0.03493  0.03469
  40.00000   10.22295   7 150.22295 129.77702
 0.04034  0.03904  0.03763  0.03632  0.03517  0.03416  0.03407
  40.00000   13.92975   8 153.92975 126.07024
 0.04188  0.04078  0.03945  0.03804  0.03673  0.03557  0.03455  0.03374
  40.00000   17.63841  10 157.63841 122.36158
 0.04357  0.04251  0.04138  0.04003  0.03861  0.03730  0.03613  0.03510  0.03425  0.03370
  40.00000   21.34798  12 161.34798 118.65201
 0.04550  0.04442  0.04332  0.04217  0.04078  0.03935  0.03804  0.03686  0.03582  0.03495  0.03426  0.03397
  40.00000   25.05805  14 165.05804 114.94194
 0.04778  0.04661  0.04549  0.04435  0.04316  0.04172  0.04028  0.03895  0.03776  0.03671  0.03583  0.03512  0.03463  0.03454
  40.00000   28.76843  16 168.76843 111.23157
 0.05056  0.04917  0.04796  0.04680  0.04562  0.04437  0.04287  0.04140  0.04007  0.03886  0.03780  0.03690  0.03619  0.03569  0.03545  0.03546
  40.00000   32.47901  18 172.47902 107.52098
 0.05364  0.05224  0.05084  0.04959  0.04838  0.04715  0.04583  0.04427  0.04276  0.04140  0.04018  0.03910  0.03819  0.03746  0.03695  0.03671  0.03677  0.03681
  40.00000   36.18973  20 176.18970 103.81026
 0.05720  0.05565  0.05424  0.05281  0.05153  0.05027  0.04897  0.04758  0.04594  0.04438  0.04298  0.04174  0.04064  0.03972  0.03897  0.03846  0.03822  0.03828  0.03870  0.03874
  40.00000   39.90054  21 179.90308 100.09944
 0.06046  0.05964  0.05804  0.05660  0.05513  0.05381  0.05250  0.05114  0.04965  0.04793  0.04630  0.04486  0.04358  0.04246  0.04151  0.04076  0.04024  0.04000  0.04007  0.04052  0.04135
  40.00000   43.61144  21 176.38853  96.38855
 0.06297  0.06125  0.05969  0.05811  0.05671  0.05534  0.05393  0.05243  0.05066  0.04895  0.04741  0.04602  0.04480  0.04377  0.04294  0.04236  0.04209  0.04214  0.04258  0.04343  0.04474
  40.00000   47.32240  21 172.67760  92.67760
 0.06493  0.06326  0.06157  0.06008  0.05864  0.05717  0.05561  0.05376  0.05195  0.05030  0.04881  0.04749  0.04638  0.04549  0.04486  0.04455  0.04460  0.04502  0.04588  0.04719  0.04903
  40.00000   51.03339  21 168.96661  88.96660
 0.06741  0.06561  0.06404  0.06253  0.06099  0.05936  0.05741  0.05547  0.05368  0.05208  0.05065  0.04945  0.04848  0.04780  0.04746  0.04749  0.04790  0.04875  0.05009  0.05197  0.05445
  40.00000   54.74442  21 165.25557  85.25557
 0.07044  0.06875  0.06714  0.06552  0.06380  0.06174  0.05964  0.05770  0.05595  0.05440  0.05310  0.05205  0.05130  0.05091  0.05090  0.05128  0.05214  0.05349  0.05542  0.05800  0.06136
  40.00000   58.45547  21 161.54451  81.54452
 0.07438  0.07268  0.07094  0.06910  0.06690  0.06461  0.06248  0.06058  0.05888  0.05746  0.05631  0.05549  0.05503  0.05497  0.05531  0.05615  0.05751  0.05952  0.06222  0.06577  0.07021
  40.00000   62.16655  21 157.83344  77.83344
 0.07935  0.07747  0.07549  0.07310  0.07058  0.06824  0.06614  0.06427  0.06270  0.06143  0.06049  0.05995  0.05981  0.06011  0.06094  0.06233  0.06442  0.06726  0.07103  0.07576  0.08162
  40.00000   65.87766  21 154.12236  74.12234
 0.08541  0.08321  0.08062  0.07783  0.07522  0.07288  0.07081  0.06905  0.06762  0.06654  0.06587  0.06564  0.06586  0.06667  0.06810  0.07030  0.07333  0.07734  0.08238  0.08863  0.09613
  40.00000   69.58876  21 150.41124  70.41123
 0.09275  0.08988  0.08673  0.08379  0.08118  0.07884  0.07685  0.07521  0.07395  0.07311  0.07274  0.07287  0.07365  0.07512  0.07743  0.08065  0.08495  0.09035  0.09704  0.10507  0.11466
  40.00000   73.29988  21 146.70012  66.70010
 0.10144  0.09788  0.09456  0.09157  0.08889  0.08659  0.08466  0.08313  0.08205  0.08149  0.08149  0.08222  0.08371  0.08614  0.08957  0.09417  0.09995  0.10713  0.11575  0.12608  0.13828
  40.00000   77.01101  21 142.98900  62.98898
 0.11214  0.10829  0.10482  0.10169  0.09895  0.09660  0.09468  0.09326  0.09242  0.09222  0.09282  0.09431  0.09683  0.10046  0.10535  0.11152  0.11920  0.12846  0.13962  0.15281  0.16856
  40.00000   80.72215  21 139.27785  59.27784
 0.12641  0.12225  0.11845  0.11506  0.11209  0.10959  0.10763  0.10634  0.10578  0.10614  0.10749  0.10999  0.11371  0.11879  0.12530  0.13344  0.14333  0.15527  0.16948  0.18650  0.20662
  40.00000   84.43329  21 135.56671  55.56671
 0.14749  0.14261  0.13809  0.13405  0.13053  0.12763  0.12548  0.12419  0.12393  0.12480  0.12694  0.13043  0.13540  0.14194  0.15024  0.16046  0.17292  0.18783  0.20565  0.22673  0.25157
  40.00000   88.14443  21 131.85558  51.85556
 0.20057  0.19313  0.18621  0.17987  0.17430  0.16968  0.16614  0.16385  0.16293  0.16350  0.16565  0.16950  0.17512  0.18268  0.19231  0.20423  0.21861  0.23576  0.25591  0.27937  0.30651
    AERO-LUT Lambda min,max  0.5300000  0.8100000
    Tau-Lambda,Tau550 asol   0.4202061  0.5000000 40.0000000
          aerosol model                                                                         UNDEFINED
  40.00000   45.00000  22 175.00000  94.99999
 0.06351  0.06179  0.06026  0.05880  0.05744  0.05607  0.05461  0.05294  0.05106  0.04932  0.04779  0.04645  0.04531  0.04438  0.04366  0.04320  0.04301  0.04313  0.04367  0.04463  0.04613  0.04613
  40.00000    2.84090   3 142.84091 137.15907
 0.03728  0.03598  0.03555
  40.00000    6.52107   5 146.52106 133.47891
 0.03879  0.03737  0.03607  0.03493  0.03469
  40.00000   10.22295   7 150.22295 129.77702
 0.04034  0.03904  0.03763  0.03632  0.03517  0.03416  0.03407
  40.00000   13.92975   8 153.92975 126.07024
 0.04188  0.04078  0.03945  0.03804  0.03673  0.03557  0.03455  0.03374
  40.00000   17.63841  10 157.63841 122.36158
 0.04357  0.04251  0.04138  0.04003  0.03861  0.03730  0.03613  0.03510  0.03425  0.03370
  40.00000   21.34798  12 161.34798 118.65201
 0.04550  0.04442  0.04332  0.04217  0.04078  0.03935  0.03804  0.03686  0.03582  0.03495  0.03426  0.03397
  40.00000   25.05805  14 165.05804 114.94194
 0.04778  0.04661  0.04549  0.04435  0.04316  0.04172  0.04028  0.03895  0.03776  0.03671  0.03583  0.03512  0.03463  0.03454
  40.00000   28.76843  16 168.76843 111.23157
 0.05056  0.04917  0.04796  0.04680  0.04562  0.04437  0.04287  0.04140  0.04007  0.03886  0.03780  0.03690  0.03619  0.03569  0.03545  0.03546
  40.00000   32.47901  18 172.47902 107.52098
 0.05364  0.05224  0.05084  0.04959  0.04838  0.04715  0.04583  0.04427  0.04276  0.04140  0.04018  0.03910  0.03819  0.03746  0.03695  0.03671  0.03677  0.03681
  40.00000   36.18973  20 176.18970 103.81026
 0.05720  0.05565  0.05424  0.05281  0.05153  0.05027  0.04897  0.04758  0.04594  0.04438  0.04298  0.04174  0.04064  0.03972  0.03897  0.03846  0.03822  0.03828  0.03870  0.03874
  40.00000   39.90054  21 179.90308 100.09944
 0.06046  0.05964  0.05804  0.05660  0.05513  0.05381  0.05250  0.05114  0.04965  0.04793  0.04630  0.04486  0.04358  0.04246  0.04151  0.04076  0.04024  0.04000  0.04007  0.04052  0.04135
  40.00000   43.61144  21 176.38853  96.38855
 0.06297  0.06125  0.05969  0.05811  0.05671  0.05534  0.05393  0.05243  0.05066  0.04895  0.04741  0.04602  0.04480  0.04377  0.04294  0.04236  0.04209  0.04214  0.04258  0.04343  0.04474
  40.00000   47.32240  21 172.67760  92.67760
 0.06493  0.06326  0.06157  0.06008  0.05864  0.05717  0.05561  0.05376  0.05195  0.05030  0.04881  0.04749  0.04638  0.04549  0.04486  0.04455  0.04460  0.04502  0.04588  0.04719  0.04903
  40.00000   51.03339  21 168.96661  88.96660
 0.06741  0.06561  0.06404  0.06253  0.06099  0.05936  0.05741  0.05547  0.05368  0.05208  0.05065  0.04945  0.04848  0.04780  0.04746  0.04749  0.04790  0.04875  0.05009  0.05197  0.05445
  40.00000   54.74442  21 165.25557  85.25557
 0.07044  0.06875  0.06714  0.06552  0.06380  0.06174  0.05964  0.05770  0.05595  0.05440  0.05310  0.05205  0.05130  0.05091  0.05090  0.05128  0.05214  0.05349  0.05542  0.05800  0.06136
  40.00000   58.45547  21 161.54451  81.54452
 0.07438  0.07268  0.07094  0.06910  0.06690  0.06461  0.06248  0.06058  0.05888  0.05746  0.05631  0.05549  0.05503  0.05497  0.05531  0.05615  0.05751  0.05952  0.06222  0.06577  0.07021
  40.00000   62.16655  21 157.83344  77.83344
 0.07935  0.07747  0.07549  0.07310  0.07058  0.06824  0.06614  0.06427  0.06270  0.06143  0.06049  0.05995  0.05981  0.06011  0.06094  0.06233  0.06442  0.06726  0.07103  0.07576  0.08162
  40.00000   65.87766  21 154.12236  74.12234
 0.08541  0.08321  0.08062  0.07783  0.07522  0.07288  0.07081  0.06905  0.06762  0.06654  0.06587  0.06564  0.06586  0.06667  0.06810  0.07030  0.07333  0.07734  0.08238  0.08863  0.09613
  40.00000   69.58876  21 150.41124  70.41123
 0.09275  0.08988  0.08673  0.08379  0.08118  0.07884  0.07685  0.07521  0.07395  0.07311  0.07274  0.07287  0.07365  0.07512  0.07743  0.08065  0.08495  0.09035  0.09704  0.10507  0.11466
  40.00000   73.29988  21 146.70012  66.70010
 0.10144  0.09788  0.09456  0.09157  0.08889  0.08659  0.08466  0.08313  0.08205  0.08149  0.08149  0.08222  0.08371  0.08614  0.08957  0.09417  0.09995  0.10713  0.11575  0.12608  0.13828
  40.00000   77.01101  21 142.98900  62.98898
 0.11214  0.10829  0.10482  0.10169  0.09895  0.09660  0.09468  0.09326  0.09242  0.09222  0.09282  0.09431  0.09683  0.10046  0.10535  0.11152  0.11920  0.12846  0.13962  0.15281  0.16856
  40.00000   80.72215  21 139.27785  59.27784
 0.12641  0.12225  0.11845  0.11506  0.11209  0.10959  0.10763  0.10634  0.10578  0.10614  0.10749  0.10999  0.11371  0.11879  0.12530  0.13344  0.14333  0.15527  0.16948  0.18650  0.20662
  40.00000   84.43329  21 135.56671  55.56671
 0.14749  0.14261  0.13809  0.13405  0.13053  0.12763  0.12548  0.12419  0.12393  0.12480  0.12694  0.13043  0.13540  0.14194  0.15024  0.16046  0.17292  0.18783  0.20565  0.22673  0.25157
  40.00000   88.14443  21 131.85558  51.85556
 0.20057  0.19313  0.18621  0.17987  0.17430  0.16968  0.16614  0.16385  0.16293  0.16350  0.16565  0.16950  0.17512  0.18268  0.19231  0.20423  0.21861  0.23576  0.25591  0.27937  0.30651
